agent_log_2019_04_29__10_23_34_trash.log:2019-04-29 10:25:36.293 - AGENT - MainThread - INFO - Queue_is_empty. Duration since first event: 118.14245915412903 - total_bytes_sent: 359593231 preprocessed_files_sent: 0 raw_files_sent: 759 stats_total_preproc_duration: 0
agent_log_2019_04_29__10_25_45_trash.log:2019-04-29 10:27:29.293 - AGENT - MainThread - INFO - Queue_is_empty. Duration since first event: 99.1505537033081 - total_bytes_sent: 301814097 preprocessed_files_sent: 292 raw_files_sent: 467 stats_total_preproc_duration: 97.20410203933716
agent_log_2019_04_29__10_27_38_trash.log:2019-04-29 10:29:26.293 - AGENT - MainThread - INFO - Queue_is_empty. Duration since first event: 103.42855501174927 - total_bytes_sent: 313398255 preprocessed_files_sent: 291 raw_files_sent: 468 stats_total_preproc_duration: 102.52983975410461
agent_log_2019_04_29__10_29_35_trash.log:2019-04-29 10:31:19.293 - AGENT - MainThread - INFO - Queue_is_empty. Duration since first event: 99.70047497749329 - total_bytes_sent: 299192017 preprocessed_files_sent: 298 raw_files_sent: 461 stats_total_preproc_duration: 98.41359424591064
agent_log_2019_04_29__10_31_28_trash.log:2019-04-29 10:33:03.293 - AGENT - MainThread - INFO - Queue_is_empty. Duration since first event: 89.57599425315857 - total_bytes_sent: 270945546 preprocessed_files_sent: 466 raw_files_sent: 293 stats_total_preproc_duration: 175.9340889453888
agent_log_2019_04_29__10_33_11_trash.log:2019-04-29 10:34:51.293 - AGENT - MainThread - INFO - Queue_is_empty. Duration since first event: 94.13963723182678 - total_bytes_sent: 285664081 preprocessed_files_sent: 472 raw_files_sent: 287 stats_total_preproc_duration: 186.88563227653503
agent_log_2019_04_29__10_34_59_trash.log:2019-04-29 10:36:34.293 - AGENT - MainThread - INFO - Queue_is_empty. Duration since first event: 89.85148692131042 - total_bytes_sent: 268874013 preprocessed_files_sent: 471 raw_files_sent: 288 stats_total_preproc_duration: 176.9325909614563
agent_log_2019_04_29__10_36_43_trash.log:2019-04-29 10:38:07.293 - AGENT - MainThread - INFO - Queue_is_empty. Duration since first event: 79.4524359703064 - total_bytes_sent: 239163284 preprocessed_files_sent: 0 raw_files_sent: 759 stats_total_preproc_duration: 0
