agent_log_2019_04_24__16_51_27_trash.log:2019-04-24 16:52:04.243 - AGENT - MainThread - INFO - Queue_is_empty. Duration since first event: 31.56491494178772 - total_bytes_sent: 96015218 preprocessed_files_sent: 0 raw_files_sent: 200
agent_log_2019_04_24__16_52_12_trash.log:2019-04-24 16:52:45.243 - AGENT - MainThread - INFO - Queue_is_empty. Duration since first event: 27.87887477874756 - total_bytes_sent: 85018905 preprocessed_files_sent: 56 raw_files_sent: 144
agent_log_2019_04_24__16_52_54_trash.log:2019-04-24 16:53:28.243 - AGENT - MainThread - INFO - Queue_is_empty. Duration since first event: 28.509953022003174 - total_bytes_sent: 86986574 preprocessed_files_sent: 69 raw_files_sent: 131
agent_log_2019_04_24__16_53_36_trash.log:2019-04-24 16:54:10.243 - AGENT - MainThread - INFO - Queue_is_empty. Duration since first event: 28.853771924972534 - total_bytes_sent: 87505027 preprocessed_files_sent: 73 raw_files_sent: 127
agent_log_2019_04_24__16_54_19_trash.log:2019-04-24 16:54:45.243 - AGENT - MainThread - INFO - Queue_is_empty. Duration since first event: 21.73442816734314 - total_bytes_sent: 65483593 preprocessed_files_sent: 0 raw_files_sent: 200
agent_log_2019_04_24__16_55_05_trash.log:2019-04-24 16:55:41.243 - AGENT - MainThread - INFO - Queue_is_empty. Duration since first event: 31.616015911102295 - total_bytes_sent: 96015218 preprocessed_files_sent: 0 raw_files_sent: 200
agent_log_2019_04_24__16_55_49_trash.log:2019-04-24 16:56:22.243 - AGENT - MainThread - INFO - Queue_is_empty. Duration since first event: 27.9550302028656 - total_bytes_sent: 84925823 preprocessed_files_sent: 56 raw_files_sent: 144
