agent_log_2019_04_15__18_36_56_trash.log:2019-04-15 18:42:01.153 - AGENT - MainThread - INFO - Queue_is_empty. Duration since first event: 300.772577047348 - total_bytes_sent: 359593231
agent_log_2019_04_15__18_42_10_trash.log:2019-04-15 18:46:39.153 - AGENT - MainThread - INFO - Queue_is_empty. Duration since first event: 264.2458381652832 - total_bytes_sent: 317356654
agent_log_2019_04_15__18_46_48_trash.log:2019-04-15 18:50:53.153 - AGENT - MainThread - INFO - Queue_is_empty. Duration since first event: 240.24598908424377 - total_bytes_sent: 287120801
agent_log_2019_04_15__18_51_02_trash.log:2019-04-15 18:55:05.153 - AGENT - MainThread - INFO - Queue_is_empty. Duration since first event: 237.41359996795654 - total_bytes_sent: 284291646
agent_log_2019_04_15__18_55_14_trash.log:2019-04-15 18:59:46.153 - AGENT - MainThread - INFO - Queue_is_empty. Duration since first event: 267.5272259712219 - total_bytes_sent: 320111240
agent_log_2019_04_15__18_59_55_trash.log:2019-04-15 19:04:03.153 - AGENT - MainThread - INFO - Queue_is_empty. Duration since first event: 242.7018129825592 - total_bytes_sent: 291393158
agent_log_2019_04_15__19_04_12_trash.log:2019-04-15 19:08:17.153 - AGENT - MainThread - INFO - Queue_is_empty. Duration since first event: 240.4286389350891 - total_bytes_sent: 287856402
agent_log_2019_04_15__19_08_26_trash.log:2019-04-15 19:11:52.153 - AGENT - MainThread - INFO - Queue_is_empty. Duration since first event: 201.23401498794556 - total_bytes_sent: 238810858
agent_log_2019_04_15__19_12_11_trash.log:2019-04-15 19:17:17.153 - AGENT - MainThread - INFO - Queue_is_empty. Duration since first event: 300.6232941150665 - total_bytes_sent: 359593231
agent_log_2019_04_15__19_17_26_trash.log:2019-04-15 19:21:55.153 - AGENT - MainThread - INFO - Queue_is_empty. Duration since first event: 264.3150632381439 - total_bytes_sent: 316525211
agent_log_2019_04_15__19_22_04_trash.log:2019-04-15 19:26:09.153 - AGENT - MainThread - INFO - Queue_is_empty. Duration since first event: 239.87691712379456 - total_bytes_sent: 286296313
agent_log_2019_04_15__19_26_18_trash.log:2019-04-15 19:30:20.153 - AGENT - MainThread - INFO - Queue_is_empty. Duration since first event: 236.840234041214 - total_bytes_sent: 284247383
agent_log_2019_04_15__19_30_28_trash.log:2019-04-15 19:35:00.153 - AGENT - MainThread - INFO - Queue_is_empty. Duration since first event: 266.82988381385803 - total_bytes_sent: 320346051
agent_log_2019_04_15__19_35_09_trash.log:2019-04-15 19:39:16.153 - AGENT - MainThread - INFO - Queue_is_empty. Duration since first event: 241.95848393440247 - total_bytes_sent: 289851238
agent_log_2019_04_15__19_39_25_trash.log:2019-04-15 19:43:47.153 - AGENT - MainThread - INFO - Queue_is_empty. Duration since first event: 257.0712480545044 - total_bytes_sent: 288227584
agent_log_2019_04_15__19_43_56_trash.log:2019-04-15 19:47:21.153 - AGENT - MainThread - INFO - Queue_is_empty. Duration since first event: 199.36994409561157 - total_bytes_sent: 238810858
agent_log_2019_04_15__19_47_39_trash.log:2019-04-15 19:52:44.153 - AGENT - MainThread - INFO - Queue_is_empty. Duration since first event: 299.55983805656433 - total_bytes_sent: 359593231
agent_log_2019_04_15__19_52_53_trash.log:2019-04-15 19:57:23.153 - AGENT - MainThread - INFO - Queue_is_empty. Duration since first event: 264.92461585998535 - total_bytes_sent: 317587660
